57, 43, 90, 101
114, 47, 153, 91
25, 38, 54, 107
57, 42, 89, 101
115, 46, 153, 91
56, 42, 90, 101
114, 45, 153, 91
113, 45, 152, 91
57, 42, 90, 100
23, 36, 53, 107
114, 45, 153, 91
55, 42, 89, 98
70, 90, 173, 168
190, 53, 246, 145
25, 39, 53, 107
58, 43, 89, 100
114, 46, 153, 91
25, 38, 54, 109
55, 44, 89, 98
113, 47, 153, 91
26, 39, 53, 109
113, 47, 153, 91
58, 44, 89, 100
67, 92, 162, 167
27, 39, 53, 109
113, 47, 153, 91
58, 44, 89, 99
27, 39, 53, 109
114, 47, 153, 91
57, 44, 89, 99
68, 92, 162, 167
113, 47, 153, 91
57, 44, 89, 99
66, 92, 164, 167
25, 38, 54, 109
57, 42, 89, 99
114, 47, 153, 91
67, 93, 164, 167
26, 38, 54, 109
113, 48, 153, 91
58, 45, 89, 99
26, 39, 54, 109
113, 48, 153, 91
56, 44, 89, 97
66, 93, 162, 167
25, 39, 53, 109
113, 47, 153, 91
58, 46, 89, 99
66, 92, 163, 168
25, 38, 54, 109
113, 49, 153, 92
59, 45, 89, 98
67, 91, 180, 167
24, 38, 54, 109
58, 45, 89, 98
114, 49, 154, 96
104, 48, 135, 96
67, 93, 162, 166
24, 37, 55, 109
59, 44, 89, 98
64, 92, 171, 167
117, 49, 154, 95
25, 38, 54, 108
161, 46, 177, 69
106, 46, 131, 91
58, 44, 89, 98
67, 92, 163, 167
115, 49, 154, 95
106, 46, 134, 92
57, 44, 89, 97
114, 49, 154, 94
66, 92, 176, 167
25, 39, 54, 109
58, 45, 89, 98
114, 48, 155, 95
25, 38, 54, 108
59, 45, 89, 97
113, 50, 154, 95
24, 38, 55, 109
65, 92, 163, 167
59, 44, 89, 97
112, 50, 153, 96
24, 37, 55, 109
106, 47, 135, 92
66, 93, 159, 166
58, 44, 89, 98
113, 49, 154, 95
67, 94, 160, 166
59, 44, 89, 98
115, 50, 153, 96
25, 38, 55, 109
106, 46, 134, 92
157, 33, 175, 69
57, 45, 89, 98
115, 51, 153, 95
25, 38, 53, 109
58, 44, 89, 96
68, 93, 164, 166
24, 37, 55, 107
59, 44, 89, 96
113, 48, 153, 95
67, 93, 157, 166
25, 38, 55, 108
58, 44, 89, 97
116, 47, 153, 91
26, 39, 55, 108
68, 93, 160, 166
186, 82, 242, 158
106, 46, 134, 91
58, 46, 89, 96
118, 46, 153, 91
106, 45, 133, 91
68, 93, 160, 166
25, 39, 55, 106
186, 81, 246, 159
160, 47, 181, 73
58, 44, 89, 97
68, 93, 160, 167
116, 46, 154, 91
105, 44, 136, 91
186, 81, 248, 158
24, 39, 54, 106
57, 42, 89, 98
116, 46, 154, 92
68, 93, 160, 166
105, 45, 135, 92
24, 38, 55, 107
186, 77, 244, 157
57, 46, 89, 97
114, 48, 154, 95
68, 93, 160, 166
106, 46, 135, 92
25, 40, 54, 106
116, 46, 153, 92
58, 44, 89, 98
69, 94, 160, 167
107, 45, 135, 92
187, 78, 244, 159
24, 39, 56, 107
57, 44, 87, 96
115, 49, 153, 95
21, 23, 52, 70
58, 44, 89, 97
69, 94, 160, 167
115, 48, 155, 94
22, 38, 55, 108
106, 45, 134, 91
68, 93, 161, 166
58, 45, 89, 96
114, 49, 154, 95
107, 45, 135, 92
22, 36, 55, 108
59, 45, 89, 96
69, 93, 159, 167
114, 49, 154, 96
186, 80, 243, 159
107, 45, 135, 92
22, 37, 55, 106
57, 45, 89, 97
24, 40, 54, 109
116, 50, 154, 94
65, 93, 161, 166
167, 45, 190, 74
67, 93, 154, 167
58, 45, 89, 95
114, 50, 154, 95
24, 40, 53, 108
57, 44, 89, 97
68, 94, 159, 166
114, 49, 154, 95
23, 39, 53, 108
106, 46, 134, 92
59, 45, 89, 96
24, 40, 55, 108
115, 49, 154, 95
68, 92, 162, 167
187, 82, 254, 161
107, 45, 133, 92
59, 45, 88, 96
23, 39, 54, 109
116, 50, 153, 94
59, 45, 89, 97
23, 38, 55, 109
68, 93, 159, 166
115, 48, 154, 94
106, 45, 133, 92
66, 93, 161, 167
58, 45, 89, 96
115, 48, 154, 94
26, 41, 53, 107
186, 81, 247, 157
107, 46, 133, 91
68, 94, 159, 167
58, 44, 89, 96
186, 84, 248, 160
113, 48, 153, 96
106, 45, 134, 91
14, 30, 40, 105
25, 39, 51, 106
58, 44, 89, 96
115, 48, 153, 95
63, 93, 153, 167
12, 31, 40, 100
107, 46, 133, 92
67, 93, 158, 166
58, 43, 89, 96
114, 48, 154, 95
12, 30, 41, 101
25, 39, 52, 106
106, 46, 134, 92
67, 93, 160, 166
58, 44, 89, 95
11, 30, 40, 101
114, 48, 153, 95
69, 94, 158, 167
58, 43, 89, 97
113, 48, 153, 96
12, 29, 39, 103
43, 49, 64, 102
107, 46, 134, 92
26, 40, 52, 106
58, 44, 89, 97
64, 93, 156, 167
115, 49, 152, 96
14, 31, 38, 96
66, 95, 156, 167
58, 44, 89, 97
114, 48, 153, 96
27, 39, 51, 106
67, 94, 159, 167
58, 44, 89, 95
114, 48, 153, 95
27, 40, 52, 106
67, 95, 162, 167
59, 44, 89, 95
113, 47, 153, 96
27, 38, 53, 107
41, 47, 63, 101
106, 44, 134, 92
13, 36, 35, 107
58, 44, 88, 95
114, 50, 153, 95
27, 38, 52, 107
12, 31, 36, 99
62, 96, 159, 167
67, 93, 162, 166
58, 45, 88, 95
114, 48, 153, 96
28, 45, 52, 106
106, 45, 134, 92
59, 45, 89, 96
64, 92, 161, 166
28, 41, 51, 106
114, 49, 153, 96
12, 37, 36, 106
42, 47, 62, 102
58, 45, 88, 96
64, 93, 160, 166
28, 42, 51, 106
115, 49, 154, 96
42, 49, 63, 101
27, 42, 51, 107
58, 44, 88, 97
5, 44, 20, 105
66, 94, 160, 167
59, 45, 87, 96
28, 42, 51, 107
10, 38, 34, 107
5, 42, 19, 106
115, 49, 154, 92
42, 47, 62, 102
58, 45, 87, 96
27, 41, 51, 106
65, 92, 158, 166
11, 38, 35, 105
113, 51, 154, 95
5, 42, 19, 106
57, 44, 89, 96
69, 93, 162, 167
25, 41, 52, 106
12, 37, 38, 106
114, 49, 153, 92
57, 45, 88, 97
25, 42, 51, 106
61, 94, 159, 167
10, 38, 36, 105
64, 93, 160, 166
57, 44, 89, 95
25, 42, 51, 106
12, 39, 37, 105
66, 92, 162, 167
57, 44, 89, 95
26, 43, 51, 105
114, 49, 153, 95
12, 39, 36, 105
107, 45, 135, 91
66, 92, 161, 167
56, 45, 88, 97
27, 43, 51, 106
113, 49, 154, 95
12, 31, 36, 106
42, 49, 64, 101
57, 45, 88, 97
27, 42, 51, 107
114, 49, 153, 94
13, 38, 36, 106
42, 48, 63, 102
5, 43, 20, 105
106, 50, 134, 95
63, 93, 160, 167
56, 47, 85, 94
113, 49, 153, 94
28, 44, 51, 106
107, 46, 134, 92
42, 48, 64, 101
13, 37, 36, 106
64, 93, 161, 166
113, 49, 153, 94
57, 46, 84, 94
106, 46, 134, 91
13, 38, 36, 105
26, 38, 50, 107
67, 95, 162, 167
113, 48, 153, 95
106, 45, 134, 92
38, 42, 67, 101
114, 49, 153, 94
105, 47, 135, 95
113, 48, 153, 95
66, 94, 159, 167
106, 46, 135, 92
65, 93, 162, 167
113, 48, 152, 95
106, 46, 134, 91
41, 41, 64, 99
60, 44, 86, 96
112, 47, 153, 95
106, 45, 135, 92
68, 94, 159, 167
13, 30, 35, 101
59, 41, 82, 94
40, 40, 62, 97
115, 50, 154, 95
11, 32, 35, 95
30, 38, 51, 103
67, 94, 160, 167
114, 49, 154, 94
59, 43, 84, 95
40, 40, 63, 97
28, 37, 52, 105
106, 48, 135, 96
11, 32, 35, 96
113, 48, 154, 96
39, 39, 63, 100
60, 42, 85, 96
106, 45, 135, 92
74, 41, 95, 94
13, 30, 36, 103
30, 37, 54, 105
68, 92, 160, 166
45, 38, 65, 68
6, 30, 23, 102
116, 49, 154, 95
6, 38, 34, 105
10, 33, 36, 69
58, 42, 86, 97
39, 40, 65, 98
105, 47, 135, 95
7, 34, 34, 105
114, 47, 153, 94
39, 41, 65, 96
60, 40, 85, 95
68, 93, 162, 167
106, 45, 135, 92
73, 40, 94, 95
31, 41, 55, 106
47, 39, 67, 69
7, 34, 35, 105
38, 41, 65, 97
59, 42, 86, 95
115, 47, 153, 96
107, 45, 134, 92
31, 40, 54, 106
66, 94, 158, 166
74, 42, 94, 94
50, 37, 68, 61
39, 42, 62, 102
7, 35, 36, 105
114, 46, 153, 97
60, 42, 86, 95
68, 92, 158, 167
73, 41, 94, 94
107, 44, 135, 92
28, 37, 53, 103
39, 41, 65, 99
7, 39, 34, 105
114, 50, 154, 93
58, 42, 86, 97
9, 33, 35, 70
39, 39, 66, 99
8, 34, 35, 106
59, 42, 87, 96
41, 39, 65, 100
8, 34, 36, 106
60, 42, 86, 96
65, 93, 155, 166
29, 36, 52, 104
7, 35, 36, 105
113, 48, 153, 92
39, 41, 62, 102
61, 41, 85, 96
73, 41, 94, 94
160, 47, 181, 74
40, 40, 62, 98
60, 41, 85, 96
8, 41, 34, 105
29, 37, 52, 104
9, 34, 34, 69
7, 37, 36, 105
41, 40, 64, 99
60, 40, 85, 97
7, 33, 34, 71
115, 50, 154, 93
41, 40, 63, 99
7, 35, 35, 105
60, 40, 86, 97
115, 50, 154, 92
66, 94, 158, 166
30, 38, 53, 104
39, 41, 64, 99
8, 34, 35, 106
61, 41, 86, 95
114, 50, 154, 92
69, 94, 161, 166
40, 41, 63, 97
60, 41, 86, 96
8, 33, 34, 70
8, 37, 34, 105
115, 49, 154, 92
40, 42, 63, 102
8, 35, 35, 106
61, 41, 86, 95
69, 93, 161, 167
114, 49, 155, 92
30, 39, 53, 103
7, 36, 34, 105
40, 41, 62, 102
60, 42, 85, 95
65, 89, 160, 167
31, 43, 53, 106
115, 51, 154, 93
41, 40, 65, 99
6, 34, 34, 105
60, 42, 86, 96
66, 93, 160, 167
41, 42, 65, 98
8, 41, 34, 104
10, 33, 35, 69
63, 93, 160, 167
69, 93, 161, 166
39, 41, 66, 100
6, 35, 35, 104
60, 42, 86, 96
72, 42, 93, 94
41, 41, 66, 99
7, 31, 37, 102
114, 49, 154, 92
65, 94, 159, 166
7, 34, 35, 106
41, 41, 65, 100
59, 45, 85, 97
67, 93, 161, 166
40, 41, 64, 99
8, 38, 35, 105
9, 33, 35, 70
59, 43, 85, 96
38, 41, 65, 101
8, 36, 36, 106
112, 49, 155, 91
29, 37, 54, 105
68, 94, 159, 165
39, 41, 65, 99
7, 37, 36, 105
8, 33, 35, 71
67, 93, 158, 166
112, 51, 154, 92
66, 93, 159, 166
8, 36, 35, 105
40, 41, 66, 99
111, 51, 154, 92
60, 43, 87, 97
29, 40, 53, 105
7, 29, 35, 70
41, 41, 67, 99
6, 39, 35, 105
58, 42, 86, 98
111, 48, 154, 92
60, 42, 86, 96
42, 41, 67, 98
7, 41, 35, 104
68, 93, 156, 166
10, 31, 35, 71
72, 42, 93, 94
60, 41, 86, 95
111, 51, 154, 92
67, 94, 157, 166
111, 50, 154, 91
8, 35, 34, 70
28, 37, 53, 70
37, 43, 64, 96
8, 39, 33, 104
74, 42, 94, 92
4, 45, 19, 105
110, 46, 145, 92
62, 42, 85, 93
40, 42, 63, 96
64, 98, 149, 168
10, 38, 33, 104
4, 45, 19, 105
64, 100, 141, 168
7, 41, 32, 105
40, 41, 62, 97
188, 56, 242, 158
62, 43, 86, 93
8, 37, 32, 105
40, 42, 62, 96
63, 92, 132, 166
112, 47, 152, 92
39, 41, 62, 97
61, 42, 86, 94
64, 96, 154, 167
167, 47, 200, 103
112, 47, 151, 92
9, 37, 31, 104
40, 43, 62, 95
61, 43, 86, 92
111, 47, 151, 92
40, 41, 62, 96
62, 42, 86, 93
9, 38, 33, 105
11, 36, 33, 69
111, 47, 151, 93
8, 38, 34, 104
9, 34, 36, 69
40, 41, 62, 97
111, 45, 151, 92
41, 41, 62, 99
9, 37, 35, 107
62, 41, 87, 95
111, 46, 151, 92
9, 37, 35, 107
111, 46, 153, 92
10, 37, 34, 105
112, 46, 151, 92
9, 38, 34, 106
112, 46, 151, 91
61, 41, 87, 95
6, 37, 34, 106
170, 45, 201, 106
112, 47, 151, 92
67, 92, 179, 168
111, 46, 151, 92
7, 33, 36, 99
61, 41, 87, 95
112, 46, 151, 92
8, 32, 37, 71
6, 38, 35, 105
170, 49, 202, 108
112, 45, 151, 92
38, 40, 61, 97
8, 32, 37, 97
62, 41, 86, 94
